3.85586
3.8427
3.82893
3.81446
3.79916
3.78309
3.76626
3.74868
3.73029
3.71108
3.69092
3.66986
3.64777
3.62469
3.60055
3.57535
3.54913
3.52186
3.49352
3.46416
3.43375
3.40225
3.3696
3.3358
3.30076
3.26449
3.22693
3.18792
3.14764
3.10617
3.06334
3.01945
2.97455
2.92857
2.88154
2.83337
2.78424
2.73415
2.68316
2.63128
2.57866
2.5253
2.47113
2.41608
2.36042
2.30435
2.24794
2.19134
2.13467
2.078
2.02141
1.96502
1.9089
1.85314
1.7979
1.74332
1.6895
1.63654
1.5846
1.53375
1.48403
1.43555
1.38848
1.34291
1.29885
1.25636
1.21551
1.17632
1.13872
1.10276
1.06844
1.03569
1.00444
0.974703
0.946386
0.919375
0.893491
0.868626
0.84475
0.821744
0.799542
0.777995
0.756992
0.736508
0.716423
0.69664
0.677147
0.657922
0.638961
0.620175
0.601625
0.583299
0.565226
0.547407
0.52984
0.512582
0.495673
0.4791
0.462817
0.446927
0.431409
0.416298
0.401632
0.387445
0.373738
0.360534
0.347811
0.335621
0.32396
0.312818
0.302173
0.292105
0.282584
0.273559
0.265025
0.256988
0.249391
0.242191
0.235422
0.229063
0.223084
0.2175
0.212211
0.207211
0.202524
0.198103
0.193912
0.189931
0.186132
0.182529
0.179046
0.175691
0.172397
0.169172
0.166017
0.162954
0.159959
0.157068
0.154263
0.151616
0.149038
0.146567
0.144132
0.141794
0.139551
0.137327
0.135243
0.133209
0.131228
0.129307
0.127368
0.125516
0.123669
0.121905
0.120156
0.118523
0.116873
0.11526
0.11366
0.112086
0.110527
0.108995
0.107481
0.105996
0.104543
0.103153
0.101742
0.100323
0.0989214
0.0976143
0.0963614
0.0951469
0.0939223
0.0928532
0.0917309
0.0905757
0.0894419
0.0883998
0.0874211
0.0864355
0.0853372
0.084383
0.0833387
0.0823847
0.0814567
0.0804642
0.0796979
0.0787825
0.0780481
0.0773299
0.0765641
0.0757891
0.0748832
0.073933
0.0731302
0.0722344
0.0714989
0.0707225
0.0702677
0.0702009
0.0708147
0.0710287
0.0689058
0.0670079
0.0660274
0.0654633
0.0650743
0.064462
0.0638318
0.0633551
0.063564
0.065945
0.0677873
0.0643298
0.0617195
0.0607473
0.0602808
0.0598783
0.0595208
0.0591088
0.0589164
0.0592138
0.0614077
0.0632767
0.0600604
0.0576379
0.0567657
0.056405
0.0562453
0.0559676
0.055689
0.0551563
0.0547767
0.0546084
0.0560869
0.0605626
0.0588748
0.0544722
0.0530715
0.0526494
0.0524613
0.0522169
0.0520227
0.0516678
0.0513874
0.0511701
0.0513856
0.0541082
0.0580395
0.0537144
0.0504095
0.0496446
0.0495093
0.049482
0.0493026
0.0490646
0.0487861
0.0484707
0.0482112
0.0482946
0.050597
0.0551346
0.0517477
0.0479226
0.0469199
0.0467905
0.0467165
0.0466906
0.046498
0.0463469
0.0460681
0.0458779
0.0455452
0.0458765
0.0490594
0.0536812
0.0483069
0.0450164
0.0444182
0.0444051
0.0443737
0.0442723
0.0441411
0.043924
0.0437128
0.0434496
0.0432715
0.0438136
0.0474954
0.0514768
0.0454771
0.0427057
0.0421861
0.0422097
0.0422199
0.0421728
0.042078
0.0418681
0.0416243
0.0413715
0.0412587
0.0418646
0.0457794
0.0490779
0.0433528
0.0406878
0.0402792
0.0403482
0.0404648
0.0404349
0.0403123
0.0400917
0.0398715
0.039617
0.0394533
0.0402405
0.0443225
0.0467092
0.0413072
0.0389025
0.0385191
0.0386645
0.0388408
0.0388409
0.0387343
0.0385609
0.0382357
0.0379442
0.0378315
0.0387377
0.0430659
0.0444936
0.0394252
0.0372934
0.0369243
0.0370673
0.0372615
0.0373099
0.0372276
0.0370453
0.0367961
0.0364576
0.0363174
0.0368912
0.040815
0.0440827
0.0386419
0.0358572
0.0353997
0.035467
0.0355723
0.0357041
0.0357194
0.0357142
0.0355645
0.0352795
0.0349848
0.0349541
0.0361846
0.0417278
0.0417287
0.035799
0.0341319
0.0339688
0.0340316
0.0340776
0.0341032
0.0340881
0.0340908
0.0339685
0.033868
0.0336207
0.0334838
0.0340726
0.039123
0.0430615
0.0355321
0.0328448
0.0326289
0.0326805
0.0326604
0.0325723
0.0324735
0.0323286
0.0322384
0.0322583
0.0327123
0.0359199
0.0410721
0.0359372
0.0321293
0.0315992
0.031839
0.0320742
0.0321629
0.0319986
0.0317701
0.0314403
0.0312567
0.0313425
0.0326057
0.0370156
0.0378834
0.0327136
0.0307111
0.0305147
0.03081
0.0311077
0.0312971
0.0312768
0.0309549
0.030604
0.0302059
0.030366
0.0323166
0.0371605
0.0356936
0.0310706
0.0296024
0.0295318
0.0297678
0.0300382
0.0302644
0.0302771
0.0300204
0.0296445
0.0293052
0.0294652
0.0310625
0.0361011
0.0353572
0.0302318
0.0286207
0.0284848
0.0286843
0.0289463
0.0291191
0.0292028
0.0290946
0.0287837
0.0284154
0.0282242
0.0291142
0.033568
0.0361468
0.0302805
0.0276544
0.0273138
0.0274596
0.0276505
0.027777
0.0278419
0.027739
0.0276331
0.0273735
0.0272198
0.0273117
0.02971
0.0360372
0.0323815
0.0273353
0.0263552
0.0263778
0.0265748
0.0267361
0.0267856
0.0267764
0.0266695
0.0264764
0.0263411
0.0263889
0.0279352
0.0338173
0.0331786
0.0272248
0.0255695
0.0254817
0.025671
0.0258943
0.0259652
0.0259908
0.0258767
0.0257474
0.02548
0.0253373
0.0259574
0.0299888
0.0349559
0.0287545
0.0251597
0.0246034
0.0247494
0.0248681
0.0249826
0.0250391
0.0250587
0.0250116
0.0249365
0.0247702
0.0246887
